8.84844017029
12.6822137833
15.4246635437
18.132188797
13.1242704391
13.0622711182
9.13249015808
12.7202854156
4.35222434998
3.71035957336
7.04993343353
20.6176815033
18.5868854523
21.2668170929
10.3108959198
8.95933914185
5.37122106552
10.7104959488
8.31816577911
20.6155738831
26.0143508911
27.6923599243
16.4501686096
9.98286437988
5.56802415848
17.9354438782
14.384970665
19.6652889252
27.8948688507
28.7733097076
22.8000011444
13.1102170944
3
11.9337921143
17.9808063507
18.2423229218
23.8839321136
29.3512802124
22.4589614868
14.1396484375
3
3.8982527256
5.46441984177
12.4587087631
19.5515346527
23.442949295
19.2620601654
15.2384910583
3
3
3.66791462898
7.84918928146
11.1269006729
15.751282692
13.2386569977
2.14007115364
13.2531919479
13.7738494873
11.4594612122
10.0624074936
11.0605392456
11.4941530228
7.39380311966
0.0078008887358
